Cause category,Greviously Injured,Minor Injury,Persons Killed,Total Injured,Total number of Accidents,All
Impacting Vehicle/Object,22630.0,42522.0,7563.0,66385.0,125618.0,264718.0
Junction,23559.0,37874.0,7728.0,69164.0,131940.0,270265.0
Road Features,24121.0,43131.0,6993.0,68216.0,122564.0,265025.0
Traffic Control,19280.0,32348.0,5678.0,53693.0,106826.0,217825.0
Traffic Violation,21341.0,39718.0,7062.0,64613.0,136679.0,269413.0
Weather,17818.0,35075.0,4975.0,52454.0,104639.0,214961.0
All,128749.0,230668.0,39999.0,374525.0,728266.0,1502207.0
