Cause category,Greviously Injured,Minor Injury,Persons Killed,Total Injured,Total number of Accidents,All
Impacting Vehicle/Object,22630.0,42522.0,7563.0,66385.0,125618.0,264718.0
Junction,23559.0,37701.0,7728.0,69164.0,131940.0,270092.0
Road Features,24100.0,43143.0,6828.0,68216.0,122564.0,264851.0
Traffic Control,19280.0,32263.0,5678.0,53693.0,106826.0,217740.0
Traffic Violation,21341.0,39718.0,6891.0,64613.0,136679.0,269242.0
Weather,17818.0,35219.0,4975.0,52642.0,105762.0,216416.0
All,128728.0,230566.0,39663.0,374713.0,729389.0,1503059.0
